1
10
100
101
102
103
104
105
106
107
108
109
11
110
111
112
113
114
115
116
117
118
119
12
120
121
122
123
124
125
128
129
13
130
131
133
134
135
136
137
138
14
140
141
142
143
144
145
146
147
148
15
150
151
152
153
154
155
156
158
16
160
161
163
165
166
167
168
169
17
170
171
172
173
174
175
176
178
179
18
180
181
182
183
184
185
188
189
19
190
191
192
193
194
195
196
197
198
199
20
201
202
204
205
206
207
208
209
21
210
211
214
216
217
218
219
22
220
221
222
223
224
225
226
228
229
23
230
232
233
234
235
236
237
238
239
24
241
242
243
244
245
246
247
249
25
250
251
252
253
254
255
256
257
258
259
26
260
261
262
263
264
265
266
267
268
27
28
29
3
30
32
33
34
35
36
37
38
39
4
40
41
42
43
44
45
46
47
48
49
5
50
51
52
53
54
55
56
57
58
59
60
61
62
63
64
65
67
68
69
7
70
71
72
73
74
75
77
78
79
8
80
81
82
83
84
85
86
87
88
9
90
91
93
94
96
97
98
99
